+74952155210
+74952345678
+74956468000
+74957771234
+74959332211
+74992500200
+74993201234
+78122444444
+78123333333
+79001112233
+79031234567
+79041948127
+79051234567
+79061234567
+79081234567
+79091234567
+79101234567
+79151234567
+79161234567
+79171234567
+79181234567
+79191234567
+79201234567
+79211234567
+79251234567
+79261234567
+79271234567
+79281234567
+79291234567
+79301234567
+79311234567
+79371234567
+79381234567
+79391234567
+79501234567
+79511234567
+79521234567
+79531234567
+79581234567
+79591234567
+79601234567
+79611234567
+79621234567
+79631234567
+79641234567
+79651234567
+79661234567
+79671234567
+79681234567
+79691234567
+79771234567
+79781234567
+79801234567
+79811234567
+79821234567
+79831234567
+79851234567
+79871234567
+79881234567
+79891234567
+79911234567
+79921234567
+79931234567
+79941234567
+79951234567
+79961234567
+79971234567
+79990001111
+79991112222
+79992223333
+79993334444
+79994445555
+79995556666
+79996667777
+79997778888
+79998889999
+79999990000
